+----+-------+-------+-------+-------+-------+
|    |    -2 |    -1 |     0 |     1 |     2 |
+====+=======+=======+=======+=======+=======+
| -2 | 40927 | 39207 | 35564 | 34527 | 32653 |
+----+-------+-------+-------+-------+-------+
| -1 | 39207 | 48680 | 41982 | 40234 | 35809 |
+----+-------+-------+-------+-------+-------+
|  0 | 35564 | 41982 | 43694 | 37023 | 33005 |
+----+-------+-------+-------+-------+-------+
|  1 | 34527 | 40234 | 37023 | 42032 | 32895 |
+----+-------+-------+-------+-------+-------+
|  2 | 32653 | 35809 | 33005 | 32895 | 37597 |
+----+-------+-------+-------+-------+-------+