+----+-------+-------+-------+-------+-------+
|    |    -2 |    -1 |     0 |     1 |     2 |
+====+=======+=======+=======+=======+=======+
| -2 |     0 | 11193 | 13493 | 13905 | 13218 |
+----+-------+-------+-------+-------+-------+
| -1 | 11193 |     0 |  8410 | 10244 | 14659 |
+----+-------+-------+-------+-------+-------+
|  0 | 13493 |  8410 |     0 | 11680 | 15281 |
+----+-------+-------+-------+-------+-------+
|  1 | 13905 | 10244 | 11680 |     0 | 13839 |
+----+-------+-------+-------+-------+-------+
|  2 | 13218 | 14659 | 15281 | 13839 |     0 |
+----+-------+-------+-------+-------+-------+