+----+----------+----------+----------+----------+----------+
|    |       -2 |       -1 |        0 |        1 |        2 |
+====+==========+==========+==========+==========+==========+
| -2 | 100      |  75.3198 |  69.4307 |  68.7595 |  69.0068 |
+----+----------+----------+----------+----------+----------+
| -1 |  75.3198 | 100      |  81.3159 |  78.2546 |  68.6957 |
+----+----------+----------+----------+----------+----------+
|  0 |  69.4307 |  81.3159 | 100      |  73.7666 |  65.5987 |
+----+----------+----------+----------+----------+----------+
|  1 |  68.7595 |  78.2546 |  73.7666 | 100      |  68.048  |
+----+----------+----------+----------+----------+----------+
|  2 |  69.0068 |  68.6957 |  65.5987 |  68.048  | 100      |
+----+----------+----------+----------+----------+----------+