+----+-------+-------+-------+-------+-------+
|    |    -2 |    -1 |     0 |     1 |     2 |
+====+=======+=======+=======+=======+=======+
| -2 | 46917 | 44633 | 39865 | 39021 | 36811 |
+----+-------+-------+-------+-------+-------+
| -1 | 44633 | 56974 | 48139 | 46459 | 40808 |
+----+-------+-------+-------+-------+-------+
|  0 | 39865 | 48139 | 50365 | 42120 | 37079 |
+----+-------+-------+-------+-------+-------+
|  1 | 39021 | 46459 | 42120 | 48854 | 37291 |
+----+-------+-------+-------+-------+-------+
|  2 | 36811 | 40808 | 37079 | 37291 | 43238 |
+----+-------+-------+-------+-------+-------+